NUM_PATENTS_WITH_EXACTLY_ONE_FORWARD_CITATION
8
